<?xml version="1.0"?>
<opencv_storage>
<calibration_Time>"Sat Feb 15 17:04:03 2014"</calibration_Time>
<nrOfFrames>25</nrOfFrames>
<image_Width>1280</image_Width>
<image_Height>720</image_Height>
<board_Width>8</board_Width>
<board_Height>6</board_Height>
<square_Size>1.</square_Size>
<FixAspectRatio>1.</FixAspectRatio>
<!-- flags:  +fix_aspectRatio +fix_principal_point +zero_tangent_dist -->
<flagValue>14</flagValue>
<Camera_Matrix type_id="opencv-matrix">
  <rows>3</rows>
  <cols>3</cols>
  <dt>d</dt>
  <data>
    2.7749364464294922e+03 0. 6.3950000000000000e+02 0.
    2.7749364464294922e+03 3.5950000000000000e+02 0. 0. 1.</data></Camera_Matrix>
<Distortion_Coefficients type_id="opencv-matrix">
  <rows>5</rows>
  <cols>1</cols>
  <dt>d</dt>
  <data>
    1.2324688571780769e+00 -2.9292051482948040e+01 0. 0.
    2.7506923625355978e+02</data></Distortion_Coefficients>
<Avg_Reprojection_Error>3.4890390391597992e-01</Avg_Reprojection_Error>
<Per_View_Reprojection_Errors type_id="opencv-matrix">
  <rows>25</rows>
  <cols>1</cols>
  <dt>f</dt>
  <data>
    1.24034993e-01 1.28282532e-01 1.28877759e-01 1.22418895e-01
    1.25522137e-01 1.25371844e-01 1.23782538e-01 1.26598194e-01
    1.18624017e-01 1.23086803e-01 1.21540122e-01 1.21200524e-01
    1.17861785e-01 1.17679253e-01 1.21550910e-01 1.23016044e-01
    1.15287021e-01 1.21207334e-01 1.23391084e-01 1.15570806e-01
    1.16408698e-01 1.19422145e-01 1.21591188e-01 1.21338367e-01
    1.19683340e-01</data></Per_View_Reprojection_Errors>
<!--  rvecs, tvecs := a set of 6 tuples, rotation in Rodriques followed by translation  -->
<Extrinsic_Parameters type_id="opencv-matrix">
  <rows>25</rows>
  <cols>6</cols>
  <dt>d</dt>
  <data>
    -8.7057904846316744e-02 9.8761881189361000e-06
    -1.2588219482652093e-02 -2.6540836495153144e+00
    -1.7384743050578457e+00 3.1030493429435062e+01
    -8.8154659995002854e-02 1.1126815956456850e-03
    -1.2581247165369135e-02 -2.6538183288623465e+00
    -1.7380925468930954e+00 3.1036950069589036e+01
    -8.7527653301112840e-02 4.3053023934309980e-04
    -1.2551859086789522e-02 -2.6536468099292052e+00
    -1.7381460154220623e+00 3.1034529495732336e+01
    -8.7528098863520726e-02 1.1823871046206353e-04
    -1.2565936177055067e-02 -2.6536460132655706e+00
    -1.7380029815446008e+00 3.1034758439292364e+01
    -8.7613504647827203e-02 -2.5446754942317989e-04
    -1.2565219527887328e-02 -2.6535557070586124e+00
    -1.7379342176712613e+00 3.1034624257803905e+01
    -8.7618106100285642e-02 1.2590062465948513e-04
    -1.2575940056929420e-02 -2.6535075845670466e+00
    -1.7377889430649343e+00 3.1035018682447092e+01
    -8.7830452212194335e-02 5.1980681068231635e-04
    -1.2565856685233821e-02 -2.6533796085306749e+00
    -1.7376651000925385e+00 3.1038488091056568e+01
    -8.7504556412475815e-02 8.6994013973640824e-04
    -1.2582089595842220e-02 -2.6532136953260537e+00
    -1.7374616767487805e+00 3.1041821053361950e+01
    -8.8035460776418092e-02 1.0248240367676537e-03
    -1.2578661957491771e-02 -2.6532057334853221e+00
    -1.7373241453835653e+00 3.1044380016123608e+01
    -8.7767228944732614e-02 1.2067051887884386e-03
    -1.2548745880782431e-02 -2.6530695414409733e+00
    -1.7373675572938494e+00 3.1044949727117064e+01
    -8.8097757202271240e-02 1.0351051547572653e-03
    -1.2559902047501468e-02 -2.6530604497128429e+00
    -1.7373086796098043e+00 3.1046040414572026e+01
    -8.7922381253197540e-02 7.6957850954969284e-04
    -1.2549382974696459e-02 -2.6532392942943157e+00
    -1.7374228437397010e+00 3.1044234478391996e+01
    -8.7994909129776769e-02 8.2502503454125566e-04
    -1.2544804492892215e-02 -2.6531619830098450e+00
    -1.7373817018537845e+00 3.1044049008174586e+01
    -8.7994689964050507e-02 5.1798287968418818e-04
    -1.2576910728372548e-02 -2.6531862099694044e+00
    -1.7372825836855135e+00 3.1044251485649198e+01
    -8.8142794409421590e-02 6.4534993994995026e-04
    -1.2551248869304777e-02 -2.6531815550252098e+00
    -1.7372886938108374e+00 3.1044834854918708e+01
    -8.7822595582836602e-02 6.6456736189567306e-04
    -1.2538645817314209e-02 -2.6531649390738830e+00
    -1.7373189652354455e+00 3.1044994313124157e+01
    -8.8590085413622718e-02 4.7357641198526380e-04
    -1.2536932886778089e-02 -2.6531562810065190e+00
    -1.7372652296648416e+00 3.1044989737170017e+01
    -8.8296328489210874e-02 3.9212672321863051e-04
    -1.2553133215377600e-02 -2.6531192861100918e+00
    -1.7371826451434484e+00 3.1045891846172768e+01
    -8.8177392882604039e-02 2.6808843508070501e-04
    -1.2564038411714003e-02 -2.6531905845358477e+00
    -1.7373023729828627e+00 3.1045104067919169e+01
    -8.8760865471140829e-02 1.0102145581438158e-03
    -1.2571755992354884e-02 -2.6531354517604417e+00
    -1.7370199189395248e+00 3.1049367319006553e+01
    -8.8086515553945977e-02 6.4860327414584902e-04
    -1.2586227817470373e-02 -2.6531433769978880e+00
    -1.7370324241693038e+00 3.1046821802168378e+01
    -8.8668480857301377e-02 5.7799515047426725e-04
    -1.2571135539173457e-02 -2.6531024746519396e+00
    -1.7370129594527650e+00 3.1047591321553270e+01
    -8.8456807894205250e-02 3.4135943786078198e-04
    -1.2567355017006076e-02 -2.6531338738833230e+00
    -1.7370393495072149e+00 3.1046881258119647e+01
    -8.8690582232737278e-02 5.5435015536883770e-04
    -1.2569813269923895e-02 -2.6530972031400286e+00
    -1.7369171026566508e+00 3.1049070655987368e+01
    -8.8282352257292612e-02 1.1742722952817501e-03
    -1.2555637744960229e-02 -2.6530453792951989e+00
    -1.7369131915748495e+00 3.1050961677504141e+01</data></Extrinsic_Parameters>
