<?xml version="1.0"?>
<opencv_storage>
<calibration_Time>"Thu Mar  6 08:26:01 2014"</calibration_Time>
<nrOfFrames>25</nrOfFrames>
<image_Width>1280</image_Width>
<image_Height>720</image_Height>
<board_Width>8</board_Width>
<board_Height>6</board_Height>
<square_Size>1.</square_Size>
<FixAspectRatio>1.</FixAspectRatio>
<!-- flags:  +fix_aspectRatio +fix_principal_point +zero_tangent_dist -->
<flagValue>14</flagValue>
<Camera_Matrix type_id="opencv-matrix">
  <rows>3</rows>
  <cols>3</cols>
  <dt>d</dt>
  <data>
    5.8098525541549873e+02 0. 6.3950000000000000e+02 0.
    5.8098525541549873e+02 3.5950000000000000e+02 0. 0. 1.</data></Camera_Matrix>
<Distortion_Coefficients type_id="opencv-matrix">
  <rows>5</rows>
  <cols>1</cols>
  <dt>d</dt>
  <data>
    1.9659991796454106e-02 1.7040701635566546e-02 0. 0.
    -1.7059393097633935e-02</data></Distortion_Coefficients>
<Avg_Reprojection_Error>8.8607360325806195e-01</Avg_Reprojection_Error>
<Per_View_Reprojection_Errors type_id="opencv-matrix">
  <rows>25</rows>
  <cols>1</cols>
  <dt>f</dt>
  <data>
    7.83458710e-01 9.13594604e-01 7.64056504e-01 8.18542898e-01
    7.87017107e-01 7.82263160e-01 7.75300860e-01 7.80980468e-01
    7.79088497e-01 7.77538300e-01 7.69761145e-01 7.73317218e-01
    7.64694035e-01 7.82215059e-01 7.80749917e-01 7.73858964e-01
    7.78437138e-01 7.85800338e-01 7.89086401e-01 7.79601574e-01
    7.74785161e-01 7.79369473e-01 7.74544179e-01 7.78517604e-01
    7.81581402e-01</data></Per_View_Reprojection_Errors>
<!--  rvecs, tvecs := a set of 6 tuples, rotation in Rodriques followed by translation  -->
<Extrinsic_Parameters type_id="opencv-matrix">
  <rows>25</rows>
  <cols>6</cols>
  <dt>d</dt>
  <data>
    -2.0196525400895851e-02 3.9413842752399127e-02
    8.9271913237452868e-03 4.4247022323701595e+00 3.4351667977732183e+00
    4.6848449711483342e+00 -2.0754748815428971e-02
    3.9215773538289998e-02 9.0604461062809907e-03 4.4250285953032149e+00
    3.4313158232427767e+00 4.6840424703252097e+00
    -2.0401067956473683e-02 3.9302359901315427e-02
    9.0557993887519419e-03 4.4248145816175111e+00 3.4337372775988881e+00
    4.6847417939995140e+00 -2.0232518408544675e-02
    3.9309571919800231e-02 8.9388155735264114e-03 4.4249744160356546e+00
    3.4371233329897404e+00 4.6871236337140685e+00
    -2.0160381250938168e-02 3.9286510746358437e-02
    8.9618351287838495e-03 4.4248339845098625e+00 3.4366545796029597e+00
    4.6866590163765727e+00 -2.0144723935264848e-02
    3.9304155352212641e-02 9.0068042861658967e-03 4.4246661000941838e+00
    3.4367403995626327e+00 4.6858974805760161e+00
    -2.0139653932752407e-02 3.9236139027244113e-02
    8.9905240859963747e-03 4.4248722291482192e+00 3.4365834866426184e+00
    4.6865394059422867e+00 -1.9994034161166949e-02
    3.9303274674043244e-02 9.0214889610963286e-03 4.4247865841418781e+00
    3.4367819408799614e+00 4.6866623373930949e+00
    -2.0086435875510809e-02 3.9357260279428645e-02
    9.0086066605645186e-03 4.4247298757489411e+00 3.4368449625920801e+00
    4.6858006776033205e+00 -2.0154490859225008e-02
    3.9367336396948192e-02 9.0031424507554282e-03 4.4246781740746570e+00
    3.4367909913654424e+00 4.6850845510084582e+00
    -2.0125910939389074e-02 3.9427483618692589e-02
    9.0108165745656620e-03 4.4246159117798980e+00 3.4369459736165147e+00
    4.6849014735230794e+00 -2.0140421842014894e-02
    3.9428345535836878e-02 9.0176805402908625e-03 4.4245105484938962e+00
    3.4369744711810073e+00 4.6848558881602660e+00
    -2.0138552645899987e-02 3.9385505843494859e-02
    8.9978079194198094e-03 4.4246957081699154e+00 3.4369395905378766e+00
    4.6849729093085744e+00 -2.0061332056889578e-02
    3.9428049484698045e-02 8.9988666360622787e-03 4.4246031899514175e+00
    3.4370392321587238e+00 4.6849405486340707e+00
    -2.0033589781321481e-02 3.9395624557824888e-02
    8.9957296146199895e-03 4.4246991160131213e+00 3.4370270806081176e+00
    4.6853550869158784e+00 -2.0094958596283033e-02
    3.9372870781357226e-02 9.0111001592772331e-03 4.4246163017913673e+00
    3.4371290247913344e+00 4.6852797321474657e+00
    -2.0087214088653622e-02 3.9402449500994051e-02
    9.0023555657491542e-03 4.4246309429889772e+00 3.4371127800427574e+00
    4.6851562431377065e+00 -2.0047395007440821e-02
    3.9392970160354673e-02 9.0033066793411450e-03 4.4246325851183785e+00
    3.4371322395206700e+00 4.6852599632283072e+00
    -2.0032862444105987e-02 3.9392330917688949e-02
    9.0020056586188960e-03 4.4246248509810648e+00 3.4372003299467466e+00
    4.6851997333613262e+00 -2.0063604190054447e-02
    3.9407556960637670e-02 8.9995224512015790e-03 4.4245732286031902e+00
    3.4371742367284539e+00 4.6850658843714026e+00
    -2.0105857310429399e-02 3.9416725731833011e-02
    9.0033454663548292e-03 4.4246166837581749e+00 3.4371438810606372e+00
    4.6848519652127045e+00 -2.0105355269310028e-02
    3.9445385178397359e-02 9.0098957993700029e-03 4.4245549816365362e+00
    3.4372179260233384e+00 4.6846891680781750e+00
    -2.0071077166547466e-02 3.9384329208273304e-02
    9.0136971522694394e-03 4.4246516288842477e+00 3.4372684161133331e+00
    4.6850316396249987e+00 -2.0037877523751805e-02
    3.9450245180207448e-02 8.9976406066155524e-03 4.4245710504651514e+00
    3.4372731115895809e+00 4.6848931609621998e+00
    -2.0123352627507040e-02 3.9423167657660713e-02
    9.0228207486443019e-03 4.4245075612478608e+00 3.4373667150214233e+00
    4.6845796389229610e+00</data></Extrinsic_Parameters>
